20	140.24
21	141.62
22	140.03
23	140.15
24	139.24
25	140.51
26	141.28
27	138.93
28	140.80
29	141.00
30	140.73
31	139.59
32	140.75
33	140.35
34	138.86
35	137.37
36	140.12
37	138.37
38	139.03
39	138.81
40	139.95
41	142.06
42	140.61
43	138.25
44	142.10
45	142.20
46	139.29
47	141.94
48	142.68
49	138.60
50	142.77
51	140.70
52	136.73
53	141.17
54	144.23
55	141.97
56	140.29
57	140.16
58	140.90
59	142.01
60	141.33
61	136.55
62	140.77
63	139.55
64	139.07
65	141.36
66	141.30
67	148.88
68	137.30
69	135.29
70	139.66
71	135.34
72	145.46
73	141.63
74	136.74
75	138.00
76	139.56
77	140.59
78	137.42
79	132.33
80	147.02
81	139.68
82	147.95
83	146.92
84	136.75
85	146.01
86	136.48
87	145.21
88	141.86
89	123.11
90	124.18
91	189.29
